# out in rd processes servers mem res virt
0 0.000000 0.000000 0.000000 2 0 1855029 1855029 0
1 9.000000 9.000000 0.000000 2 0 1855029 1855029 0
2 19.000000 19.000000 0.000000 2 0 1855029 1855029 0
3 28.000000 28.000000 0.000000 2 0 1855029 1855029 0
4 36.000000 36.000000 0.000000 2 0 1855029 1855029 0
5 45.000000 45.000000 0.000000 2 0 1855029 1855029 0
6 55.000000 55.000000 0.000000 2 0 1855029 1855029 0
7 59.000000 59.000000 0.000000 2 0 1855029 1855029 0
8 70.000000 70.000000 0.000000 2 0 1855029 1855029 0
9 74.000000 74.000000 0.000000 2 0 1855029 1855029 0
10 89.000000 89.000000 0.000000 2 0 1855029 1855029 0
11 88.000000 88.000000 0.000000 2 0 1855029 1855029 0
12 96.000000 96.000000 0.000000 2 0 1855029 1855029 0
13 105.000000 105.000000 0.000000 2 0 1855029 1855029 0
14 107.000000 107.000000 0.000000 2 0 1855029 1855029 0
15 120.000000 120.000000 0.000000 2 0 1855029 1855029 0
16 115.000000 115.000000 0.000000 2 0 1855029 1855029 0
17 134.000000 134.000000 0.000000 2 0 1855029 1855029 0
18 133.000000 133.000000 0.000000 2 0 1855029 1855029 0
19 134.000000 134.000000 0.000000 2 0 1855029 1855029 0
20 157.000000 158.000000 0.000000 2 0 1855029 1855029 0
21 158.000000 158.000000 0.000000 2 0 1855029 1855029 0
22 154.000000 154.000000 0.000000 2 0 1855029 1855029 0
23 158.000000 158.000000 0.000000 2 0 1855029 1855029 0
24 157.000000 157.000000 0.000000 2 0 1855029 1855029 0
25 186.000000 186.000000 0.000000 2 0 1855029 1855029 0
26 186.000000 185.000000 0.000000 2 0 1855029 1855029 0
27 187.000000 187.000000 0.000000 2 0 1855029 1855029 0
28 185.000000 185.000000 0.000000 2 0 1855029 1855029 0
29 184.000000 184.000000 0.000000 2 0 1855029 1855029 0
30 185.000000 185.000000 0.000000 2 0 1855029 1855029 0
31 186.000000 186.000000 0.000000 2 0 1855029 1855029 0
32 187.000000 187.000000 0.000000 2 0 1855029 1855029 0
33 188.000000 188.000000 0.000000 2 0 1855029 1855029 0
34 232.000000 233.000000 0.000000 2 0 1855029 1855029 0
35 234.000000 233.000000 0.000000 2 0 1855029 1855029 0
36 234.000000 235.000000 0.000000 2 0 1855029 1855029 0
37 234.000000 233.000000 0.000000 2 0 1855029 1855029 0
38 230.000000 231.000000 0.000000 2 0 1855029 1855029 0
39 235.000000 235.000000 0.000000 2 0 1855029 1855029 0
40 231.000000 231.000000 0.000000 2 0 1855029 1855029 0
41 232.000000 231.000000 0.000000 2 0 1855029 1855029 0
42 232.000000 233.000000 0.000000 2 0 1855029 1855029 0
43 234.000000 233.000000 0.000000 2 0 1855029 1855029 0
44 233.000000 233.000000 0.000000 2 0 1855029 1855029 0
45 231.000000 232.000000 0.000000 2 0 1855029 1855029 0
46 231.000000 231.000000 0.000000 2 0 1855029 1855029 0
47 229.000000 229.000000 0.000000 2 0 1855029 1855029 0
48 229.000000 229.000000 0.000000 2 0 1855029 1855029 0
49 233.000000 232.000000 0.000000 2 0 1855029 1855029 0
50 301.000000 302.000000 0.000000 2 0 1855029 1855029 0
51 306.000000 306.000000 0.000000 2 0 1855029 1855029 0
52 305.000000 304.000000 0.000000 2 0 1855029 1855029 0
53 302.000000 303.000000 0.000000 2 0 1855029 1855029 0
54 308.000000 308.000000 0.000000 2 0 1855029 1855029 0
55 302.000000 302.000000 0.000000 2 0 1855029 1855029 0
56 305.000000 306.000000 0.000000 2 0 1855029 1855029 0
57 303.000000 302.000000 0.000000 2 0 1855029 1855029 0
58 308.000000 308.000000 0.000000 2 0 1855029 1855029 0
59 303.000000 303.000000 0.000000 2 0 1855029 1855029 0
60 305.000000 305.000000 0.000000 2 0 1855029 1855029 0
61 306.000000 305.000000 0.000000 2 0 1855029 1855029 0
62 306.000000 306.000000 0.000000 2 0 1855029 1855029 0
63 306.000000 307.000000 0.000000 2 0 1855029 1855029 0
