# out in rd processes servers mem res virt
0 0.000000 0.000000 0.000000 2 0 1805845 1805845 0
1 40.000000 40.000000 0.000000 2 0 1805845 1805845 0
2 136.000000 136.000000 0.000000 2 0 1805845 1805845 0
3 181.000000 181.000000 0.000000 2 0 1805845 1805845 0
4 224.000000 225.000000 0.000000 2 0 1805845 1805845 0
5 287.000000 287.000000 0.000000 2 0 1805845 1805845 0
6 318.000000 318.000000 0.000000 2 0 1805845 1805845 0
7 320.000000 320.000000 0.000000 2 0 1805845 1805845 0
8 318.000000 317.000000 0.000000 2 0 1805845 1805845 0
9 320.000000 320.000000 0.000000 2 0 1805845 1805845 0
10 423.000000 425.000000 0.000000 2 0 1805845 1805845 0
11 472.000000 472.000000 0.000000 2 0 1805845 1805845 0
12 474.000000 473.000000 0.000000 2 0 1805845 1805845 0
13 474.000000 475.000000 0.000000 2 0 1805845 1805845 0
14 472.000000 472.000000 0.000000 2 0 1805845 1805845 0
15 474.000000 474.000000 0.000000 2 0 1805845 1805845 0
16 472.000000 472.000000 0.000000 2 0 1805845 1805845 0
17 478.000000 478.000000 0.000000 2 0 1805845 1805845 0
18 470.000000 471.000000 0.000000 2 0 1805845 1805845 0
19 474.000000 473.000000 0.000000 2 0 1805845 1805845 0
20 473.000000 473.000000 0.000000 2 0 1805845 1805845 0
21 474.000000 474.000000 0.000000 2 0 1805845 1805845 0
22 471.000000 471.000000 0.000000 2 0 1805845 1805845 0
23 472.000000 472.000000 0.000000 2 0 1805845 1805845 0
24 474.000000 474.000000 0.000000 2 0 1805845 1805845 0
25 471.000000 471.000000 0.000000 2 0 1805845 1805845 0
26 478.000000 479.000000 0.000000 2 0 1805845 1805845 0
27 472.000000 472.000000 0.000000 2 0 1805845 1805845 0
28 479.000000 479.000000 0.000000 2 0 1805845 1805845 0
29 477.000000 476.000000 0.000000 2 0 1805845 1805845 0
30 473.000000 473.000000 0.000000 2 0 1805845 1805845 0
31 477.000000 477.000000 0.000000 2 0 1805845 1805845 0
32 476.000000 476.000000 0.000000 2 0 1805845 1805845 0
33 477.000000 477.000000 0.000000 2 0 1805845 1805845 0
34 475.000000 475.000000 0.000000 2 0 1805845 1805845 0
35 475.000000 475.000000 0.000000 2 0 1805845 1805845 0
36 476.000000 476.000000 0.000000 2 0 1805845 1805845 0
37 477.000000 477.000000 0.000000 2 0 1805845 1805845 0
38 474.000000 474.000000 0.000000 2 0 1805845 1805845 0
39 471.000000 471.000000 0.000000 2 0 1805845 1805845 0
40 478.000000 478.000000 0.000000 2 0 1805845 1805845 0
41 474.000000 474.000000 0.000000 2 0 1805845 1805845 0
42 477.000000 476.000000 0.000000 2 0 1805845 1805845 0
43 475.000000 476.000000 0.000000 2 0 1805845 1805845 0
44 473.000000 473.000000 0.000000 2 0 1805845 1805845 0
45 479.000000 479.000000 0.000000 2 0 1805845 1805845 0
46 472.000000 472.000000 0.000000 2 0 1805845 1805845 0
47 479.000000 479.000000 0.000000 2 0 1805845 1805845 0
48 468.000000 468.000000 0.000000 2 0 1805845 1805845 0
49 478.000000 477.000000 0.000000 2 0 1805845 1805845 0
50 476.000000 477.000000 0.000000 2 0 1805845 1805845 0
51 474.000000 474.000000 0.000000 2 0 1805845 1805845 0
52 475.000000 475.000000 0.000000 2 0 1805845 1805845 0
53 474.000000 474.000000 0.000000 2 0 1805845 1805845 0
54 463.000000 463.000000 0.000000 2 0 1805845 1805845 0
55 473.000000 474.000000 0.000000 2 0 1805845 1805845 0
56 481.000000 479.000000 0.000000 2 0 1805845 1805845 0
57 473.000000 474.000000 0.000000 2 0 1805845 1805845 0
58 475.000000 474.000000 0.000000 2 0 1805845 1805845 0
59 475.000000 476.000000 0.000000 2 0 1805845 1805845 0
60 475.000000 474.000000 0.000000 2 0 1805845 1805845 0
61 475.000000 475.000000 0.000000 2 0 1805845 1805845 0
62 474.000000 475.000000 0.000000 2 0 1805845 1805845 0
63 479.000000 479.000000 0.000000 2 0 1805845 1805845 0
64 477.000000 477.000000 0.000000 2 0 1805845 1805845 0
65 475.000000 475.000000 0.000000 2 0 1805845 1805845 0
66 476.000000 476.000000 0.000000 2 0 1805845 1805845 0
67 477.000000 477.000000 0.000000 2 0 1805845 1805845 0
68 478.000000 478.000000 0.000000 2 0 1805845 1805845 0
69 472.000000 473.000000 0.000000 2 0 1805845 1805845 0
70 479.000000 478.000000 0.000000 2 0 1805845 1805845 0
71 475.000000 475.000000 0.000000 2 0 1805845 1805845 0
72 478.000000 478.000000 0.000000 2 0 1805845 1805845 0
73 473.000000 473.000000 0.000000 2 0 1805845 1805845 0
74 474.000000 474.000000 0.000000 2 0 1805845 1805845 0
75 475.000000 476.000000 0.000000 2 0 1805845 1805845 0
76 476.000000 475.000000 0.000000 2 0 1805845 1805845 0
77 475.000000 475.000000 0.000000 2 0 1805845 1805845 0
78 474.000000 473.000000 0.000000 2 0 1805845 1805845 0
79 478.000000 479.000000 0.000000 2 0 1805845 1805845 0
80 479.000000 479.000000 0.000000 2 0 1805845 1805845 0
81 475.000000 475.000000 0.000000 2 0 1805845 1805845 0
82 477.000000 478.000000 0.000000 2 0 1805845 1805845 0
83 472.000000 471.000000 0.000000 2 0 1805845 1805845 0
84 477.000000 478.000000 0.000000 2 0 1805845 1805845 0
85 474.000000 473.000000 0.000000 2 0 1805845 1805845 0
86 479.000000 479.000000 0.000000 2 0 1805845 1805845 0
87 474.000000 474.000000 0.000000 2 0 1805845 1805845 0
88 477.000000 477.000000 0.000000 2 0 1805845 1805845 0
89 479.000000 479.000000 0.000000 2 0 1805845 1805845 0
90 472.000000 473.000000 0.000000 2 0 1805845 1805845 0
91 478.000000 477.000000 0.000000 2 0 1805845 1805845 0
92 471.000000 472.000000 0.000000 2 0 1805845 1805845 0
93 459.000000 458.000000 0.000000 2 0 1805845 1805845 0
94 479.000000 478.000000 0.000000 2 0 1805845 1805845 0
95 472.000000 474.000000 0.000000 2 0 1805845 1805845 0
96 478.000000 477.000000 0.000000 2 0 1805845 1805845 0
97 527.000000 525.000000 0.000000 2 0 1805845 1805845 0
98 454.000000 455.000000 0.000000 2 0 1805845 1805845 0
99 478.000000 479.000000 0.000000 2 0 1805845 1805845 0
100 402.000000 402.000000 0.000000 2 0 1805845 1805845 0
101 525.000000 524.000000 0.000000 2 0 1805845 1805845 0
102 396.000000 395.000000 0.000000 2 0 1805845 1805845 0
103 538.000000 541.000000 0.000000 2 0 1805845 1805845 0
104 349.000000 348.000000 0.000000 2 0 1805845 1805845 0
105 476.000000 476.000000 0.000000 2 0 1805845 1805845 0
106 472.000000 472.000000 0.000000 2 0 1805845 1805845 0
107 477.000000 478.000000 0.000000 2 0 1805845 1805845 0
108 477.000000 476.000000 0.000000 2 0 1805845 1805845 0
109 473.000000 473.000000 0.000000 2 0 1805845 1805845 0
110 479.000000 478.000000 0.000000 2 0 1805845 1805845 0
111 470.000000 471.000000 0.000000 2 0 1805845 1805845 0
112 478.000000 479.000000 0.000000 2 0 1805845 1805845 0
113 479.000000 478.000000 0.000000 2 0 1805845 1805845 0
114 452.000000 452.000000 0.000000 2 0 1805845 1805845 0
115 473.000000 473.000000 0.000000 2 0 1805845 1805845 0
116 478.000000 477.000000 0.000000 2 0 1805845 1805845 0
117 472.000000 473.000000 0.000000 2 0 1805845 1805845 0
118 475.000000 475.000000 0.000000 2 0 1805845 1805845 0
119 477.000000 477.000000 0.000000 2 0 1805845 1805845 0
120 474.000000 473.000000 0.000000 2 0 1805845 1805845 0
121 474.000000 475.000000 0.000000 2 0 1805845 1805845 0
122 478.000000 478.000000 0.000000 2 0 1805845 1805845 0
123 472.000000 472.000000 0.000000 2 0 1805845 1805845 0
124 475.000000 476.000000 0.000000 2 0 1805845 1805845 0
125 474.000000 473.000000 0.000000 2 0 1805845 1805845 0
126 482.000000 483.000000 0.000000 2 0 1805845 1805845 0
127 476.000000 476.000000 0.000000 2 0 1805845 1805845 0
128 476.000000 475.000000 0.000000 2 0 1805845 1805845 0
129 475.000000 475.000000 0.000000 2 0 1805845 1805845 0
130 478.000000 478.000000 0.000000 2 0 1805845 1805845 0
131 474.000000 474.000000 0.000000 2 0 1805845 1805845 0
132 477.000000 477.000000 0.000000 2 0 1805845 1805845 0
133 480.000000 480.000000 0.000000 2 0 1805845 1805845 0
134 472.000000 472.000000 0.000000 2 0 1805845 1805845 0
135 475.000000 476.000000 0.000000 2 0 1805845 1805845 0
136 475.000000 474.000000 0.000000 2 0 1805845 1805845 0
137 475.000000 475.000000 0.000000 2 0 1805845 1805845 0
138 479.000000 479.000000 0.000000 2 0 1805845 1805845 0
139 475.000000 476.000000 0.000000 2 0 1805845 1805845 0
140 476.000000 475.000000 0.000000 2 0 1805845 1805845 0
141 476.000000 476.000000 0.000000 2 0 1805845 1805845 0
142 477.000000 477.000000 0.000000 2 0 1805845 1805845 0
143 479.000000 479.000000 0.000000 2 0 1805845 1805845 0
144 472.000000 473.000000 0.000000 2 0 1805845 1805845 0
145 476.000000 476.000000 0.000000 2 0 1805845 1805845 0
146 475.000000 474.000000 0.000000 2 0 1805845 1805845 0
147 479.000000 479.000000 0.000000 2 0 1805845 1805845 0
148 472.000000 472.000000 0.000000 2 0 1805845 1805845 0
149 478.000000 478.000000 0.000000 2 0 1805845 1805845 0
150 476.000000 476.000000 0.000000 2 0 1805845 1805845 0
151 477.000000 477.000000 0.000000 2 0 1805845 1805845 0
152 478.000000 478.000000 0.000000 2 0 1805845 1805845 0
153 469.000000 469.000000 0.000000 2 0 1805845 1805845 0
154 465.000000 465.000000 0.000000 2 0 1805845 1805845 0
155 473.000000 473.000000 0.000000 2 0 1805845 1805845 0
156 476.000000 476.000000 0.000000 2 0 1805845 1805845 0
157 476.000000 476.000000 0.000000 2 0 1805845 1805845 0
158 474.000000 474.000000 0.000000 2 0 1805845 1805845 0
159 476.000000 476.000000 0.000000 2 0 1805845 1805845 0
160 478.000000 479.000000 0.000000 2 0 1805845 1805845 0
161 480.000000 479.000000 0.000000 2 0 1805845 1805845 0
162 472.000000 472.000000 0.000000 2 0 1805845 1805845 0
163 476.000000 478.000000 0.000000 2 0 1805845 1805845 0
164 476.000000 474.000000 0.000000 2 0 1805845 1805845 0
165 515.000000 515.000000 0.000000 2 0 1805845 1805845 0
166 413.000000 413.000000 0.000000 2 0 1805845 1805845 0
167 472.000000 472.000000 0.000000 2 0 1805845 1805845 0
168 476.000000 476.000000 0.000000 2 0 1805845 1805845 0
169 456.000000 456.000000 0.000000 2 0 1805845 1805845 0
170 494.000000 494.000000 0.000000 2 0 1805845 1805845 0
171 449.000000 447.000000 0.000000 2 0 1805845 1805845 0
172 428.000000 430.000000 0.000000 2 0 1805845 1805845 0
173 474.000000 474.000000 0.000000 2 0 1805845 1805845 0
174 436.000000 437.000000 0.000000 2 0 1805845 1805845 0
175 379.000000 380.000000 0.000000 2 0 1805845 1805845 0
176 488.000000 487.000000 0.000000 2 0 1805845 1805845 0
177 420.000000 419.000000 0.000000 2 0 1805845 1805845 0
178 501.000000 501.000000 0.000000 2 0 1805845 1805845 0
179 409.000000 409.000000 0.000000 2 0 1805845 1805845 0
180 353.000000 353.000000 0.000000 2 0 1805845 1805845 0
181 431.000000 436.000000 0.000000 2 0 1805845 1805845 0
182 347.000000 342.000000 0.000000 2 0 1805845 1805845 0
183 398.000000 412.000000 0.000000 2 0 1805845 1805845 0
184 381.000000 367.000000 0.000000 2 0 1805845 1805845 0
185 431.000000 431.000000 0.000000 2 0 1805845 1805845 0
186 392.000000 392.000000 0.000000 2 0 1805845 1805845 0
187 448.000000 449.000000 0.000000 2 0 1805845 1805845 0
188 415.000000 414.000000 0.000000 2 0 1805845 1805845 0
189 403.000000 404.000000 0.000000 2 0 1805845 1805845 0
190 412.000000 422.000000 0.000000 2 0 1805845 1805845 0
191 378.000000 367.000000 0.000000 2 0 1805845 1805845 0
192 417.000000 417.000000 0.000000 2 0 1805845 1805845 0
193 485.000000 487.000000 0.000000 2 0 1805845 1805845 0
194 393.000000 391.000000 0.000000 2 0 1805845 1805845 0
195 369.000000 370.000000 0.000000 2 0 1805845 1805845 0
196 432.000000 432.000000 0.000000 2 0 1805845 1805845 0
197 433.000000 432.000000 0.000000 2 0 1805845 1805845 0
198 484.000000 483.000000 0.000000 2 0 1805845 1805845 0
199 391.000000 392.000000 0.000000 2 0 1805845 1805845 0
200 487.000000 486.000000 0.000000 2 0 1805845 1805845 0
201 352.000000 353.000000 0.000000 2 0 1805845 1805845 0
202 474.000000 474.000000 0.000000 2 0 1805845 1805845 0
203 475.000000 475.000000 0.000000 2 0 1805845 1805845 0
204 469.000000 469.000000 0.000000 2 0 1805845 1805845 0
205 475.000000 475.000000 0.000000 2 0 1805845 1805845 0
206 473.000000 473.000000 0.000000 2 0 1805845 1805845 0
207 472.000000 472.000000 0.000000 2 0 1805845 1805845 0
208 474.000000 474.000000 0.000000 2 0 1805845 1805845 0
209 475.000000 475.000000 0.000000 2 0 1805845 1805845 0
210 468.000000 468.000000 0.000000 2 0 1805845 1805845 0
211 466.000000 466.000000 0.000000 2 0 1805845 1805845 0
212 473.000000 473.000000 0.000000 2 0 1805845 1805845 0
213 472.000000 473.000000 0.000000 2 0 1805845 1805845 0
214 470.000000 470.000000 0.000000 2 0 1805845 1805845 0
215 472.000000 471.000000 0.000000 2 0 1805845 1805845 0
216 471.000000 472.000000 0.000000 2 0 1805845 1805845 0
217 491.000000 488.000000 0.000000 2 0 1805845 1805845 0
218 453.000000 454.000000 0.000000 2 0 1805845 1805845 0
219 408.000000 409.000000 0.000000 2 0 1805845 1805845 0
220 526.000000 524.000000 0.000000 2 0 1805845 1805845 0
221 468.000000 468.000000 0.000000 2 0 1805845 1805845 0
222 463.000000 463.000000 0.000000 2 0 1805845 1805845 0
223 455.000000 455.000000 0.000000 2 0 1805845 1805845 0
224 397.000000 399.000000 0.000000 2 0 1805845 1805845 0
225 473.000000 473.000000 0.000000 2 0 1805845 1805845 0
226 476.000000 476.000000 0.000000 2 0 1805845 1805845 0
227 469.000000 469.000000 0.000000 2 0 1805845 1805845 0
228 469.000000 469.000000 0.000000 2 0 1805845 1805845 0
229 469.000000 469.000000 0.000000 2 0 1805845 1805845 0
230 474.000000 474.000000 0.000000 2 0 1805845 1805845 0
231 462.000000 463.000000 0.000000 2 0 1805845 1805845 0
232 458.000000 457.000000 0.000000 2 0 1805845 1805845 0
233 445.000000 445.000000 0.000000 2 0 1805845 1805845 0
234 485.000000 484.000000 0.000000 2 0 1805845 1805845 0
235 371.000000 372.000000 0.000000 2 0 1805845 1805845 0
236 425.000000 425.000000 0.000000 2 0 1805845 1805845 0
237 451.000000 451.000000 0.000000 2 0 1805845 1805845 0
238 434.000000 433.000000 0.000000 2 0 1805845 1805845 0
239 388.000000 388.000000 0.000000 2 0 1805845 1805845 0
240 454.000000 454.000000 0.000000 2 0 1805845 1805845 0
241 461.000000 462.000000 0.000000 2 0 1805845 1805845 0
242 471.000000 471.000000 0.000000 2 0 1805845 1805845 0
243 476.000000 479.000000 0.000000 2 0 1805845 1805845 0
244 469.000000 466.000000 0.000000 2 0 1805845 1805845 0
245 476.000000 476.000000 0.000000 2 0 1805845 1805845 0
246 449.000000 453.000000 0.000000 2 0 1805845 1805845 0
247 442.000000 440.000000 0.000000 2 0 1805845 1805845 0
248 449.000000 447.000000 0.000000 2 0 1805845 1805845 0
