# out in rd processes servers mem res virt
0 0.000000 0.000000 0.000000 2 1 976458 976458 0
1 7.000000 7.000000 0.000000 2 1 976458 976458 0
2 15.000000 15.000000 0.000000 2 1 976458 976458 0
3 25.000000 25.000000 0.000000 2 1 976458 976458 0
4 35.000000 35.000000 0.000000 2 1 976458 976458 0
5 44.000000 44.000000 0.000000 2 1 976458 976458 0
6 52.000000 52.000000 0.000000 2 1 976458 976458 0
7 60.000000 60.000000 0.000000 2 1 976458 976458 0
8 68.000000 68.000000 0.000000 2 1 976458 976458 0
9 76.000000 76.000000 0.000000 2 1 976458 976458 0
10 88.000000 88.000000 0.000000 2 1 976458 976458 0
11 92.000000 92.000000 0.000000 2 1 976458 976458 0
12 99.000000 99.000000 0.000000 2 1 976458 976458 0
13 110.000000 110.000000 0.000000 2 1 976458 976458 0
14 115.000000 115.000000 0.000000 2 1 976458 976458 0
15 125.000000 125.000000 0.000000 2 1 976458 976458 0
16 132.000000 132.000000 0.000000 2 1 976458 976458 0
17 145.000000 145.000000 0.000000 2 1 976458 976458 0
18 154.000000 154.000000 0.000000 2 1 976458 976458 0
19 153.000000 153.000000 0.000000 2 1 976458 976458 0
20 172.000000 172.000000 0.000000 2 1 976458 976458 0
21 185.000000 185.000000 0.000000 2 1 976458 976458 0
22 183.000000 183.000000 0.000000 2 1 976458 976458 0
23 172.000000 172.000000 0.000000 2 1 976458 976458 0
24 171.000000 171.000000 0.000000 2 1 976458 976458 0
25 201.000000 201.000000 0.000000 2 1 976458 976458 0
26 229.000000 229.000000 0.000000 2 1 976458 976458 0
27 227.000000 227.000000 0.000000 2 1 976458 976458 0
28 229.000000 229.000000 0.000000 2 1 976458 976458 0
29 231.000000 231.000000 0.000000 2 1 976458 976458 0
30 230.000000 230.000000 0.000000 2 1 976458 976458 0
31 233.000000 233.000000 0.000000 2 1 976458 976458 0
32 230.000000 230.000000 0.000000 2 1 976458 976458 0
33 231.000000 231.000000 0.000000 2 1 976458 976458 0
34 278.000000 278.000000 0.000000 2 1 976458 976458 0
35 305.000000 305.000000 0.000000 2 1 976458 976458 0
36 304.000000 304.000000 0.000000 2 1 976458 976458 0
37 307.000000 307.000000 0.000000 2 1 976458 976458 0
38 303.000000 303.000000 0.000000 2 1 976458 976458 0
39 278.000000 278.000000 0.000000 2 1 976458 976458 0
40 298.000000 298.000000 0.000000 2 1 976458 976458 0
41 300.000000 300.000000 0.000000 2 1 976458 976458 0
42 302.000000 302.000000 0.000000 2 1 976458 976458 0
43 302.000000 302.000000 0.000000 2 1 976458 976458 0
44 302.000000 302.000000 0.000000 2 1 976458 976458 0
45 304.000000 304.000000 0.000000 2 1 976458 976458 0
46 305.000000 305.000000 0.000000 2 1 976458 976458 0
47 302.000000 302.000000 0.000000 2 1 976458 976458 0
48 301.000000 301.000000 0.000000 2 1 976458 976458 0
49 303.000000 303.000000 0.000000 2 1 976458 976458 0
50 392.000000 392.000000 0.000000 2 1 976458 976458 0
51 456.000000 456.000000 0.000000 2 1 976458 976458 0
52 434.000000 434.000000 0.000000 2 1 976458 976458 0
53 443.000000 443.000000 0.000000 2 1 976458 976458 0
54 431.000000 431.000000 0.000000 2 1 976458 976458 0
55 437.000000 437.000000 0.000000 2 1 976458 976458 0
56 409.000000 409.000000 0.000000 2 1 976458 976458 0
57 442.000000 442.000000 0.000000 2 1 976458 976458 0
58 450.000000 450.000000 0.000000 2 1 976458 976458 0
59 444.000000 444.000000 0.000000 2 1 976458 976458 0
60 451.000000 451.000000 0.000000 2 1 976458 976458 0
61 456.000000 456.000000 0.000000 2 1 976458 976458 0
62 442.000000 443.000000 0.000000 2 1 976458 976458 0
63 452.000000 451.000000 0.000000 2 1 976458 976458 0
64 459.000000 459.000000 0.000000 2 1 976458 976458 0
65 442.000000 442.000000 0.000000 2 1 976458 976458 0
66 448.000000 448.000000 0.000000 2 1 976458 976458 0
67 388.000000 388.000000 0.000000 2 1 976458 976458 0
68 359.000000 360.000000 0.000000 2 1 976458 976458 0
69 392.000000 391.000000 0.000000 2 1 976458 976458 0
70 316.000000 316.000000 0.000000 2 1 976458 976458 0
71 412.000000 412.000000 0.000000 2 1 976458 976458 0
72 401.000000 401.000000 0.000000 2 1 976458 976458 0
73 356.000000 356.000000 0.000000 2 1 976458 976458 0
74 417.000000 418.000000 0.000000 2 1 976458 976458 0
75 439.000000 438.000000 0.000000 2 1 976458 976458 0
76 450.000000 450.000000 0.000000 2 1 976458 976458 0
77 443.000000 443.000000 0.000000 2 1 976458 976458 0
78 397.000000 397.000000 0.000000 2 1 976458 976458 0
79 434.000000 434.000000 0.000000 2 1 976458 976458 0
80 402.000000 403.000000 0.000000 2 1 976458 976458 0
81 409.000000 408.000000 0.000000 2 1 976458 976458 0
82 452.000000 452.000000 0.000000 2 1 976458 976458 0
83 437.000000 437.000000 0.000000 2 1 976458 976458 0
84 449.000000 449.000000 0.000000 2 1 976458 976458 0
85 427.000000 427.000000 0.000000 2 1 976458 976458 0
86 436.000000 436.000000 0.000000 2 1 976458 976458 0
87 378.000000 378.000000 0.000000 2 1 976458 976458 0
88 432.000000 432.000000 0.000000 2 1 976458 976458 0
89 427.000000 427.000000 0.000000 2 1 976458 976458 0
90 429.000000 429.000000 0.000000 2 1 976458 976458 0
91 425.000000 425.000000 0.000000 2 1 976458 976458 0
92 443.000000 443.000000 0.000000 2 1 976458 976458 0
93 438.000000 438.000000 0.000000 2 1 976458 976458 0
94 445.000000 445.000000 0.000000 2 1 976458 976458 0
95 441.000000 441.000000 0.000000 2 1 976458 976458 0
96 423.000000 423.000000 0.000000 2 1 976458 976458 0
97 410.000000 410.000000 0.000000 2 1 976458 976458 0
98 411.000000 412.000000 0.000000 2 1 976458 976458 0
99 330.000000 329.000000 0.000000 2 1 976458 976458 0
100 664.000000 669.000000 0.000000 2 1 976458 976458 0
101 843.000000 840.000000 0.000000 2 1 976458 976458 0
102 863.000000 862.000000 0.000000 2 1 976458 976458 0
103 851.000000 851.000000 0.000000 2 1 976458 976458 0
104 839.000000 842.000000 0.000000 2 1 976458 976458 0
105 845.000000 842.000000 0.000000 2 1 976458 976458 0
106 842.000000 841.000000 0.000000 2 1 976458 976458 0
107 844.000000 845.000000 0.000000 2 1 976458 976458 0
108 760.000000 759.000000 0.000000 2 1 976458 976458 0
109 846.000000 846.000000 0.000000 2 1 976458 976458 0
110 824.000000 825.000000 0.000000 2 1 976458 976458 0
111 844.000000 844.000000 0.000000 2 1 976458 976458 0
112 857.000000 857.000000 0.000000 2 1 976458 976458 0
113 838.000000 837.000000 0.000000 2 1 976458 976458 0
114 836.000000 836.000000 0.000000 2 1 976458 976458 0
115 865.000000 868.000000 0.000000 2 1 976458 976458 0
116 860.000000 858.000000 0.000000 2 1 976458 976458 0
117 823.000000 822.000000 0.000000 2 1 976458 976458 0
118 852.000000 855.000000 0.000000 2 1 976458 976458 0
119 899.000000 896.000000 0.000000 2 1 976458 976458 0
120 781.000000 787.000000 0.000000 2 1 976458 976458 0
121 858.000000 853.000000 0.000000 2 1 976458 976458 0
122 861.000000 860.000000 0.000000 2 1 976458 976458 0
123 840.000000 841.000000 0.000000 2 1 976458 976458 0
124 847.000000 846.000000 0.000000 2 1 976458 976458 0
125 852.000000 853.000000 0.000000 2 1 976458 976458 0
126 839.000000 841.000000 0.000000 2 1 976458 976458 0
127 840.000000 837.000000 0.000000 2 1 976458 976458 0
128 856.000000 856.000000 0.000000 2 1 976458 976458 0
129 836.000000 836.000000 0.000000 2 1 976458 976458 0
130 845.000000 846.000000 0.000000 2 1 976458 976458 0
131 846.000000 849.000000 0.000000 2 1 976458 976458 0
132 847.000000 843.000000 0.000000 2 1 976458 976458 0
133 849.000000 850.000000 0.000000 2 1 976458 976458 0
134 844.000000 843.000000 0.000000 2 1 976458 976458 0
135 826.000000 826.000000 0.000000 2 1 976458 976458 0
136 846.000000 846.000000 0.000000 2 1 976458 976458 0
137 859.000000 862.000000 0.000000 2 1 976458 976458 0
138 827.000000 825.000000 0.000000 2 1 976458 976458 0
139 847.000000 847.000000 0.000000 2 1 976458 976458 0
140 862.000000 866.000000 0.000000 2 1 976458 976458 0
141 834.000000 832.000000 0.000000 2 1 976458 976458 0
142 853.000000 850.000000 0.000000 2 1 976458 976458 0
143 854.000000 861.000000 0.000000 2 1 976458 976458 0
144 843.000000 837.000000 0.000000 2 1 976458 976458 0
145 861.000000 860.000000 0.000000 2 1 976458 976458 0
146 830.000000 831.000000 0.000000 2 1 976458 976458 0
147 835.000000 835.000000 0.000000 2 1 976458 976458 0
148 844.000000 844.000000 0.000000 2 1 976458 976458 0
149 841.000000 841.000000 0.000000 2 1 976458 976458 0
150 835.000000 835.000000 0.000000 2 1 976458 976458 0
151 819.000000 818.000000 0.000000 2 1 976458 976458 0
152 843.000000 850.000000 0.000000 2 1 976458 976458 0
153 839.000000 832.000000 0.000000 2 1 976458 976458 0
154 838.000000 838.000000 0.000000 2 1 976458 976458 0
155 829.000000 829.000000 0.000000 2 1 976458 976458 0
156 838.000000 838.000000 0.000000 2 1 976458 976458 0
157 845.000000 846.000000 0.000000 2 1 976458 976458 0
158 862.000000 861.000000 0.000000 2 1 976458 976458 0
159 771.000000 772.000000 0.000000 2 1 976458 976458 0
160 843.000000 843.000000 0.000000 2 1 976458 976458 0
161 844.000000 843.000000 0.000000 2 1 976458 976458 0
162 840.000000 841.000000 0.000000 2 1 976458 976458 0
163 860.000000 860.000000 0.000000 2 1 976458 976458 0
164 849.000000 848.000000 0.000000 2 1 976458 976458 0
165 840.000000 841.000000 0.000000 2 1 976458 976458 0
166 844.000000 843.000000 0.000000 2 1 976458 976458 0
167 852.000000 853.000000 0.000000 2 1 976458 976458 0
168 832.000000 832.000000 0.000000 2 1 976458 976458 0
169 852.000000 854.000000 0.000000 2 1 976458 976458 0
170 862.000000 860.000000 0.000000 2 1 976458 976458 0
171 815.000000 815.000000 0.000000 2 1 976458 976458 0
172 849.000000 849.000000 0.000000 2 1 976458 976458 0
173 862.000000 861.000000 0.000000 2 1 976458 976458 0
174 843.000000 845.000000 0.000000 2 1 976458 976458 0
175 845.000000 844.000000 0.000000 2 1 976458 976458 0
176 840.000000 839.000000 0.000000 2 1 976458 976458 0
177 848.000000 849.000000 0.000000 2 1 976458 976458 0
178 849.000000 848.000000 0.000000 2 1 976458 976458 0
179 847.000000 848.000000 0.000000 2 1 976458 976458 0
180 844.000000 846.000000 0.000000 2 1 976458 976458 0
181 858.000000 855.000000 0.000000 2 1 976458 976458 0
182 843.000000 844.000000 0.000000 2 1 976458 976458 0
183 849.000000 848.000000 0.000000 2 1 976458 976458 0
184 855.000000 862.000000 0.000000 2 1 976458 976458 0
185 842.000000 836.000000 0.000000 2 1 976458 976458 0
186 846.000000 851.000000 0.000000 2 1 976458 976458 0
187 849.000000 844.000000 0.000000 2 1 976458 976458 0
188 855.000000 854.000000 0.000000 2 1 976458 976458 0
189 891.000000 892.000000 0.000000 2 1 976458 976458 0
190 801.000000 800.000000 0.000000 2 1 976458 976458 0
191 845.000000 846.000000 0.000000 2 1 976458 976458 0
192 850.000000 850.000000 0.000000 2 1 976458 976458 0
193 845.000000 845.000000 0.000000 2 1 976458 976458 0
194 846.000000 845.000000 0.000000 2 1 976458 976458 0
195 837.000000 838.000000 0.000000 2 1 976458 976458 0
196 840.000000 839.000000 0.000000 2 1 976458 976458 0
197 833.000000 833.000000 0.000000 2 1 976458 976458 0
